0 1
0 3
0 5
0 6
0 14
0 20
0 21
0 22
0 23
0 27
0 30
0 53
0 58
0 67
0 70
0 81
0 93
0 94
0 111
0 113
0 129
0 147
0 150
0 155
0 195
0 199
0 206
0 210
0 236
0 243
0 245
0 246
0 255
1 3
1 20
1 21
1 22
1 23
1 31
1 53
1 67
1 70
1 93
1 94
1 129
1 147
1 186
1 197
1 199
1 207
1 236
1 246
2 17
2 50
2 129
2 286
3 31
3 199
4 0
4 1
4 3
4 5
4 6
4 9
4 11
4 12
4 14
4 15
4 17
4 20
4 21
4 22
4 23
4 24
4 30
4 33
4 35
4 36
4 49
4 50
4 51
4 58
4 59
4 64
4 67
4 77
4 78
4 79
4 81
4 84
4 88
4 93
4 105
4 108
4 110
4 111
4 121
4 129
4 142
4 150
4 155
4 170
4 174
4 177
4 186
4 207
4 252
5 1
5 3
5 6
5 20
5 21
5 22
5 35
5 67
5 93
5 129
5 147
5 150
5 183
5 199
6 1
6 3
6 20
6 21
6 22
6 23
6 31
6 35
6 53
6 67
6 70
6 93
6 94
6 129
6 147
6 197
6 199
6 238
6 276
7 0
7 1
7 3
7 4
7 5
7 6
7 9
7 11
7 12
7 14
7 15
7 16
7 17
7 20
7 21
7 22
7 24
7 30
7 31
7 32
7 33
7 34
7 36
7 47
7 49
7 50
7 51
7 53
7 54
7 58
7 59
7 62
7 64
7 67
7 70
7 74
7 76
7 77
7 78
7 84
7 87
7 88
7 94
7 99
7 105
7 110
7 115
7 117
7 118
7 121
7 124
7 129
7 151
7 155
7 159
7 163
7 170
7 171
7 183
7 197
7 207
7 228
7 241
7 277
7 324
8 0
8 1
8 4
8 5
8 6
8 7
8 9
8 12
8 14
8 15
8 16
8 17
8 18
8 19
8 20
8 21
8 26
8 27
8 31
8 33
8 36
8 43
8 46
8 48
8 50
8 51
8 55
8 58
8 59
8 61
8 64
8 67
8 68
8 77
8 79
8 83
8 90
8 94
8 95
8 109
8 110
8 111
8 112
8 117
8 124
8 125
8 169
8 170
8 172
8 181
8 212
8 249
8 255
8 267
8 316
9 0
9 1
9 3
9 5
9 6
9 12
9 14
9 15
9 16
9 17
9 20
9 21
9 23
9 27
9 29
9 31
9 32
9 33
9 36
9 50
9 51
9 53
9 58
9 62
9 67
9 74
9 93
9 94
9 103
9 105
9 110
9 111
9 117
9 118
9 124
9 129
9 134
9 142
9 150
9 170
9 199
9 236
9 237
9 246
9 252
9 254
9 262
10 0
10 1
10 3
10 6
10 7
10 9
10 11
10 12
10 13
10 15
10 17
10 20
10 21
10 22
10 24
10 27
10 32
10 36
10 38
10 43
10 48
10 49
10 55
10 56
10 58
10 63
10 66
10 68
10 76
10 77
10 78
10 79
10 83
10 88
10 95
10 104
10 105
10 109
10 125
10 134
10 155
10 187
10 199
10 206
10 251
11 0
11 1
11 3
11 5
11 6
11 9
11 12
11 14
11 15
11 17
11 20
11 21
11 22
11 23
11 27
11 29
11 30
11 32
11 34
11 35
11 36
11 49
11 50
11 51
11 53
11 58
11 59
11 62
11 64
11 67
11 70
11 74
11 77
11 78
11 81
11 84
11 88
11 93
11 96
11 103
11 105
11 117
11 118
11 121
11 129
11 134
11 138
11 147
11 150
11 151
11 153
11 155
11 159
11 163
11 168
11 170
11 171
11 177
11 182
11 184
11 195
11 199
11 207
11 213
11 236
11 246
11 251
11 252
11 256
12 0
12 1
12 3
12 5
12 6
12 14
12 20
12 21
12 22
12 23
12 27
12 29
12 35
12 58
12 70
12 74
12 78
12 87
12 88
12 117
12 129
12 142
12 150
12 154
12 155
12 195
12 200
12 206
12 207
12 236
13 0
13 4
13 6
13 11
13 15
13 16
13 19
13 21
13 27
13 29
13 34
13 36
13 43
13 50
13 52
13 53
13 54
13 59
13 67
13 76
13 78
13 95
13 104
13 109
13 110
13 117
13 124
13 127
13 135
13 136
13 147
13 154
13 155
13 182
13 199
13 221
13 245
13 246
14 1
14 3
14 5
14 6
14 20
14 21
14 27
14 30
14 31
14 35
14 53
14 58
14 81
14 93
14 111
14 129
14 150
14 155
14 206
14 269
15 0
15 1
15 3
15 5
15 6
15 12
15 14
15 16
15 17
15 20
15 21
15 22
15 23
15 27
15 29
15 30
15 31
15 33
15 34
15 35
15 36
15 49
15 50
15 53
15 58
15 67
15 70
15 71
15 74
15 77
15 78
15 81
15 84
15 87
15 88
15 93
15 103
15 105
15 108
15 110
15 111
15 117
15 118
15 120
15 121
15 124
15 129
15 134
15 142
15 147
15 149
15 150
15 154
15 155
15 159
15 170
15 171
15 182
15 183
15 184
15 186
15 195
15 199
15 206
15 220
15 242
15 251
15 255
15 264
15 300
15 322
15 333
16 0
16 1
16 6
16 20
16 21
16 27
16 29
16 36
16 49
16 53
16 58
16 62
16 67
16 70
16 73
16 77
16 88
16 103
16 110
16 124
16 134
16 206
16 236
17 0
17 1
17 3
17 5
17 6
17 12
17 14
17 16
17 20
17 21
17 22
17 23
17 30
17 31
17 33
17 34
17 36
17 49
17 50
17 53
17 58
17 62
17 67
17 70
17 71
17 74
17 77
17 78
17 79
17 84
17 87
17 88
17 93
17 94
17 96
17 103
17 105
17 110
17 111
17 117
17 121
17 129
17 142
17 147
17 149
17 150
17 151
17 155
17 170
17 174
17 183
17 195
17 206
17 207
17 236
17 238
17 256
17 264
17 350
18 0
18 1
18 3
18 5
18 6
18 9
18 15
18 17
18 20
18 21
18 23
18 27
18 29
18 30
18 31
18 35
18 36
18 50
18 62
18 88
18 94
18 103
18 111
18 117
18 159
18 177
18 252
18 255
18 292
19 0
19 1
19 3
19 4
19 5
19 7
19 9
19 11
19 12
19 14
19 15
19 17
19 18
19 20
19 21
19 22
19 24
19 27
19 29
19 31
19 34
19 35
19 36
19 45
19 49
19 50
19 51
19 54
19 58
19 59
19 64
19 67
19 68
19 76
19 81
19 83
19 87
19 90
19 94
19 96
19 99
19 134
19 142
19 150
19 155
19 159
19 169
19 178
19 181
19 195
19 199
19 228
19 238
19 246
19 359
20 3
20 21
20 22
20 23
20 31
20 67
20 70
20 199
20 245
21 3
21 22
21 67
21 199
21 336
22 147
22 199
23 94
24 0
24 1
24 3
24 5
24 6
24 9
24 11
24 12
24 14
24 15
24 16
24 17
24 18
24 20
24 21
24 22
24 27
24 29
24 30
24 31
24 32
24 34
24 35
24 36
24 49
24 50
24 53
24 58
24 59
24 62
24 67
24 70
24 74
24 77
24 78
24 79
24 81
24 84
24 87
24 88
24 105
24 107
24 108
24 110
24 113
24 117
24 118
24 121
24 124
24 129
24 136
24 142
24 147
24 150
24 155
24 159
24 163
24 170
24 171
24 182
24 195
24 199
24 206
24 210
24 227
24 246
24 248
24 255
25 0
25 1
25 2
25 3
25 6
25 7
25 9
25 11
25 12
25 14
25 15
25 16
25 21
25 23
25 24
25 27
25 29
25 34
25 35
25 36
25 45
25 50
25 53
25 54
25 62
25 67
25 74
25 76
25 77
25 103
25 109
25 110
25 111
25 124
25 127
25 134
25 183
25 189
25 206
25 225
26 6
26 9
26 11
26 12
26 15
26 17
26 24
26 27
26 29
26 38
26 48
26 61
26 84
26 94
26 109
26 170
27 1
27 3
27 5
27 6
27 20
27 21
27 22
27 23
27 30
27 31
27 35
27 53
27 58
27 67
27 114
27 147
27 150
27 155
28 0
28 1
28 4
28 5
28 6
28 7
28 11
28 12
28 15
28 17
28 20
28 21
28 22
28 24
28 29
28 30
28 31
28 35
28 36
28 49
28 50
28 53
28 54
28 58
28 64
28 67
28 68
28 70
28 92
28 100
28 107
28 117
28 118
28 129
28 134
28 154
28 163
28 256
29 1
29 3
29 6
29 14
29 20
29 21
29 23
29 27
29 30
29 31
29 35
29 58
29 67
29 70
29 94
29 155
29 199
29 286
30 1
30 3
30 5
30 6
30 20
30 21
30 23
30 31
30 35
30 70
30 155
32 0
32 1
32 3
32 5
32 6
32 12
32 14
32 15
32 16
32 17
32 20
32 21
32 33
32 49
32 67
32 74
32 78
32 79
32 93
32 105
32 113
32 117
32 149
32 155
32 170
32 171
32 174
32 182
32 190
32 195
32 246
33 0
33 1
33 3
33 5
33 6
33 12
33 14
33 27
33 74
33 77
33 87
33 108
33 124
33 170
33 183
33 318
34 0
34 1
34 6
34 16
34 30
34 49
34 58
34 88
35 1
35 20
35 21
35 23
35 31
35 67
35 70
36 0
36 1
36 3
36 5
36 6
36 12
36 14
36 20
36 21
36 23
36 27
36 29
36 30
36 31
36 35
36 58
36 62
36 67
36 73
36 77
36 78
36 79
36 84
36 87
36 88
36 100
36 103
36 105
36 110
36 114
36 117
36 121
36 124
36 142
36 154
36 155
36 184
36 195
36 197
36 200
36 210
36 256
36 292
37 0
37 1
37 3
37 4
37 5
37 6
37 7
37 9
37 11
37 12
37 14
37 15
37 16
37 17
37 18
37 20
37 21
37 22
37 23
37 24
37 25
37 27
37 30
37 32
37 33
37 38
37 40
37 42
37 43
37 44
37 45
37 48
37 49
37 50
37 51
37 52
37 53
37 54
37 55
37 56
37 57
37 58
37 59
37 61
37 62
37 64
37 65
37 66
37 67
37 68
37 69
37 72
37 74
37 78
37 80
37 81
37 82
37 83
37 87
37 93
37 95
37 99
37 104
37 108
37 109
37 110
37 112
37 116
37 120
37 121
37 123
37 125
37 127
37 132
37 146
37 154
37 159
37 160
37 180
37 181
37 182
37 195
37 206
37 262
37 301
37 324
38 0
38 5
38 6
38 7
38 9
38 11
38 15
38 17
38 19
38 21
38 27
38 29
38 36
38 45
38 49
38 54
38 59
38 68
38 74
38 99
38 104
38 121
38 134
39 12
39 21
40 0
40 1
40 3
40 5
40 6
40 7
40 9
40 10
40 11
40 12
40 14
40 15
40 17
40 21
40 22
40 24
40 27
40 30
40 32
40 33
40 34
40 38
40 41
40 43
40 44
40 45
40 46
40 48
40 50
40 54
40 55
40 57
40 58
40 60
40 62
40 66
40 68
40 70
40 71
40 74
40 76
40 78
40 80
40 83
40 90
40 91
40 92
40 95
40 99
40 105
40 107
40 109
40 116
40 118
40 121
40 125
40 130
40 163
40 165
40 170
40 195
40 231
40 241
40 262
41 0
41 1
41 3
41 4
41 5
41 6
41 11
41 12
41 14
41 15
41 17
41 19
41 22
41 24
41 28
41 30
41 35
41 43
41 45
41 53
41 58
41 64
41 67
41 68
41 70
41 71
41 74
41 77
41 81
41 83
41 92
41 95
41 99
41 104
41 105
41 107
41 108
41 121
41 150
41 155
41 157
41 163
41 171
41 182
41 195
42 0
42 1
42 3
42 4
42 5
42 6
42 7
42 14
42 15
42 17
42 19
42 20
42 21
42 22
42 23
42 24
42 27
42 28
42 29
42 30
42 32
42 35
42 36
42 43
42 44
42 48
42 50
42 52
42 53
42 54
42 55
42 57
42 58
42 59
42 60
42 62
42 64
42 67
42 68
42 76
42 81
42 83
42 85
42 87
42 88
42 90
42 95
42 96
42 99
42 103
42 104
42 108
42 109
42 112
42 116
42 117
42 121
42 122
42 133
42 135
42 142
42 150
42 154
42 171
42 177
42 195
42 233
42 292
42 297
42 312
42 359
43 0
43 1
43 2
43 3
43 4
43 5
43 6
43 7
43 9
43 11
43 12
43 14
43 15
43 16
43 17
43 18
43 19
43 20
43 21
43 22
43 23
43 24
43 25
43 27
43 28
43 29
43 30
43 31
43 32
43 34
43 35
43 36
43 38
43 45
43 49
43 50
43 53
43 54
43 58
43 59
43 62
43 64
43 67
43 68
43 70
43 73
43 74
43 76
43 77
43 78
43 79
43 81
43 83
43 84
43 87
43 88
43 90
43 94
43 95
43 99
43 101
43 104
43 105
43 108
43 109
43 110
43 111
43 113
43 115
43 117
43 121
43 124
43 126
43 134
43 135
43 138
43 141
43 142
43 144
43 150
43 153
43 154
43 155
43 159
43 168
43 171
43 177
43 178
43 186
43 195
43 255
43 262
43 300
44 0
44 1
44 3
44 4
44 5
44 6
44 7
44 8
44 9
44 10
44 11
44 12
44 14
44 15
44 16
44 17
44 18
44 19
44 20
44 21
44 22
44 23
44 24
44 25
44 27
44 28
44 29
44 30
44 31
44 33
44 34
44 35
44 36
44 43
44 45
44 48
44 49
44 50
44 53
44 54
44 55
44 57
44 58
44 59
44 61
44 62
44 64
44 66
44 67
44 68
44 69
44 70
44 78
44 81
44 83
44 87
44 90
44 92
44 95
44 96
44 99
44 103
44 104
44 109
44 110
44 111
44 114
44 117
44 121
44 124
44 125
44 127
44 129
44 134
44 141
44 142
44 150
44 154
44 163
44 170
44 172
44 177
44 181
44 184
44 195
44 206
44 231
44 232
44 251
44 255
44 262
44 267
45 0
45 1
45 3
45 4
45 5
45 6
45 7
45 9
45 11
45 12
45 14
45 15
45 17
45 18
45 20
45 21
45 22
45 24
45 27
45 30
45 33
45 35
45 36
45 49
45 50
45 53
45 54
45 58
45 62
45 64
45 78
45 81
45 86
45 87
45 90
45 99
45 104
45 107
45 108
45 110
45 121
45 129
45 142
45 171
45 195
45 199
45 333
45 344
46 0
46 1
46 3
46 4
46 5
46 6
46 7
46 9
46 11
46 12
46 14
46 15
46 17
46 19
46 20
46 21
46 24
46 32
46 33
46 38
46 41
46 43
46 48
46 50
46 51
46 53
46 54
46 58
46 59
46 63
46 67
46 68
46 74
46 77
46 83
46 91
46 105
46 107
46 108
46 112
46 117
46 129
46 137
46 138
46 139
46 142
46 146
46 155
46 166
46 188
46 194
46 195
46 207
46 236
48 0
48 1
48 3
48 4
48 5
48 6
48 7
48 9
48 11
48 12
48 13
48 14
48 15
48 16
48 17
48 18
48 19
48 20
48 21
48 23
48 24
48 27
48 28
48 29
48 32
48 34
48 35
48 36
48 41
48 43
48 45
48 49
48 50
48 51
48 52
48 53
48 54
48 59
48 62
48 63
48 64
48 67
48 68
48 70
48 74
48 76
48 77
48 78
48 79
48 81
48 83
48 84
48 90
48 95
48 99
48 100
48 101
48 104
48 109
48 110
48 111
48 113
48 114
48 121
48 124
48 129
48 136
48 144
48 154
48 155
48 170
48 177
48 189
48 199
48 203
48 210
48 224
48 227
48 255
48 277
48 299
48 346
49 0
49 1
49 3
49 5
49 6
49 12
49 14
49 20
49 21
49 22
49 36
49 53
49 62
49 70
49 77
49 78
49 117
49 134
49 147
49 155
49 170
49 199
49 324
49 350
50 0
50 1
50 3
50 5
50 6
50 12
50 14
50 16
50 20
50 21
50 23
50 27
50 29
50 30
50 35
50 36
50 49
50 53
50 58
50 62
50 67
50 74
50 78
50 86
50 88
50 100
50 103
50 110
50 117
50 124
50 129
50 134
50 142
50 154
50 170
50 184
50 199
50 210
50 256
51 0
51 1
51 3
51 6
51 12
51 14
51 15
51 17
51 21
51 23
51 32
51 33
51 49
51 50
51 67
51 78
51 94
51 105
51 129
51 150
51 154
51 170
51 183
51 184
51 241
52 0
52 1
52 6
52 7
52 9
52 12
52 14
52 15
52 16
52 17
52 19
52 20
52 23
52 24
52 32
52 49
52 53
52 54
52 59
52 68
52 70
52 74
52 76
52 77
52 84
52 92
52 110
52 117
52 118
52 119
52 142
52 172
52 183
53 3
53 20
53 21
53 22
53 67
53 70
54 0
54 1
54 3
54 5
54 6
54 9
54 11
54 12
54 14
54 15
54 17
54 20
54 21
54 22
54 23
54 24
54 27
54 31
54 33
54 49
54 50
54 51
54 53
54 58
54 59
54 67
54 70
54 74
54 76
54 77
54 78
54 96
54 107
54 117
54 121
54 136
54 150
54 154
54 155
54 183
54 186
54 208
54 241
54 243
54 245
54 252
54 255
54 262
54 276
55 0
55 1
55 3
55 4
55 5
55 6
55 7
55 11
55 12
55 14
55 15
55 16
55 17
55 19
55 20
55 21
55 22
55 24
55 25
55 28
55 32
55 34
55 36
55 38
55 41
55 43
55 46
55 48
55 49
55 50
55 52
55 53
55 54
55 56
55 58
55 59
55 62
55 64
55 66
55 67
55 68
55 70
55 72
55 73
55 74
55 76
55 77
55 78
55 79
55 83
55 84
55 88
55 90
55 93
55 99
55 104
55 113
55 117
55 121
55 124
55 125
55 135
55 136
55 146
55 154
55 155
55 156
55 170
55 171
55 174
55 176
55 188
55 194
55 199
55 206
55 207
55 212
55 224
55 246
55 267
56 0
56 1
56 5
56 6
56 7
56 11
56 12
56 14
56 15
56 17
56 21
56 22
56 24
56 27
56 30
56 36
56 38
56 41
56 43
56 45
56 48
56 49
56 50
56 51
56 58
56 62
56 66
56 67
56 68
56 70
56 76
56 78
56 79
56 81
56 83
56 84
56 86
56 88
56 90
56 93
56 99
56 104
56 108
56 112
56 117
56 118
56 121
56 129
56 134
56 144
56 146
56 147
56 154
56 155
56 168
56 171
56 177
56 184
56 199
56 206
56 216
56 300
56 327
57 0
57 1
57 2
57 3
57 4
57 5
57 6
57 7
57 9
57 10
57 11
57 12
57 13
57 14
57 15
57 16
57 17
57 19
57 20
57 21
57 22
57 24
57 28
57 32
57 33
57 36
57 38
57 41
57 43
57 45
57 46
57 48
57 49
57 50
57 51
57 52
57 53
57 54
57 55
57 56
57 58
57 63
57 64
57 66
57 67
57 68
57 70
57 72
57 73
57 76
57 77
57 78
57 79
57 81
57 82
57 83
57 88
57 90
57 92
57 104
57 105
57 107
57 110
57 111
57 112
57 115
57 117
57 118
57 119
57 125
57 134
57 135
57 146
57 150
57 154
57 157
57 165
57 166
57 170
57 176
57 177
57 183
57 195
57 223
57 224
57 241
57 252
57 253
57 256
57 280
57 283
57 285
58 1
58 3
58 5
58 6
58 20
58 21
58 22
58 23
58 31
58 35
58 70
58 114
58 147
58 199
58 207
58 262
58 264
59 0
59 1
59 3
59 5
59 6
59 9
59 12
59 14
59 15
59 17
59 21
59 27
59 36
59 53
59 70
59 74
59 78
59 81
59 110
59 117
59 155
59 207
59 219
59 316
60 1
60 4
60 6
60 7
60 9
60 11
60 12
60 14
60 15
60 17
60 18
60 19
60 20
60 21
60 22
60 24
60 27
60 28
60 30
60 32
60 33
60 41
60 43
60 44
60 46
60 50
60 51
60 55
60 56
60 57
60 66
60 74
60 80
60 82
60 83
60 88
60 91
60 92
60 95
60 104
60 105
60 107
60 108
60 109
60 123
60 146
60 150
60 181
60 195
60 231
60 322
61 0
61 1
61 6
61 9
61 11
61 13
61 15
61 16
61 17
61 18
61 20
61 21
61 23
61 24
61 27
61 29
61 30
61 31
61 35
61 38
61 43
61 45
61 48
61 54
61 58
61 62
61 64
61 67
61 68
61 74
61 83
61 87
61 94
61 99
61 105
61 109
61 111
61 115
61 117
61 248
61 251
62 0
62 1
62 5
62 6
62 21
62 27
62 30
62 31
62 35
62 58
62 70
62 78
62 108
62 111
62 114
62 195
62 238
62 262
63 0
63 4
63 5
63 6
63 7
63 9
63 11
63 12
63 14
63 15
63 17
63 21
63 22
63 25
63 38
63 43
63 49
63 50
63 51
63 53
63 54
63 59
63 64
63 68
63 69
63 74
63 90
63 95
63 107
63 112
63 129
63 142
63 147
63 155
63 166
63 216
63 314
64 0
64 1
64 3
64 5
64 6
64 9
64 12
64 14
64 15
64 17
64 18
64 20
64 21
64 22
64 27
64 30
64 34
64 36
64 50
64 51
64 58
64 62
64 67
64 70
64 78
64 81
64 100
64 103
64 117
64 121
64 129
64 142
64 150
64 153
64 163
64 166
64 170
64 186
64 195
64 199
64 238
65 0
65 1
65 11
65 12
65 36
65 49
65 50
65 68
65 170
66 0
66 1
66 3
66 4
66 5
66 6
66 7
66 9
66 11
66 12
66 14
66 15
66 17
66 18
66 19
66 21
66 22
66 24
66 28
66 30
66 32
66 34
66 36
66 38
66 41
66 43
66 45
66 48
66 49
66 50
66 51
66 54
66 59
66 61
66 62
66 63
66 64
66 67
66 68
66 69
66 70
66 72
66 74
66 76
66 77
66 78
66 81
66 83
66 84
66 92
66 95
66 99
66 104
66 107
66 110
66 112
66 117
66 120
66 121
66 134
66 138
66 142
66 146
66 154
66 155
66 163
66 172
66 184
66 195
66 207
66 223
66 238
66 243
66 252
66 262
67 186
67 199
68 0
68 1
68 3
68 4
68 5
68 6
68 7
68 9
68 11
68 12
68 14
68 15
68 17
68 18
68 20
68 21
68 22
68 23
68 24
68 27
68 29
68 30
68 31
68 32
68 33
68 34
68 35
68 36
68 45
68 49
68 50
68 51
68 53
68 54
68 58
68 59
68 62
68 64
68 67
68 69
68 76
68 77
68 78
68 84
68 88
68 90
68 93
68 94
68 99
68 100
68 104
68 105
68 107
68 111
68 114
68 117
68 120
68 129
68 141
68 142
68 149
68 150
68 155
68 156
68 157
68 159
68 163
68 166
68 169
68 170
68 177
68 181
68 183
68 188
68 195
68 199
68 212
68 228
68 238
68 252
68 254
68 262
68 264
68 292
68 359
69 0
69 7
69 9
69 11
69 12
69 15
69 17
69 21
69 49
69 51
69 53
69 54
69 59
69 76
69 78
69 94
69 166
69 216
70 21
70 22
70 23
70 31
71 0
72 6
72 7
72 12
72 16
72 17
72 32
72 33
72 51
72 54
72 59
72 73
72 77
72 83
72 117
72 119
72 124
72 207
72 352
73 27
74 0
74 1
74 3
74 6
74 14
74 20
74 22
74 27
74 30
74 53
74 70
74 78
74 81
74 117
74 195
74 255
75 1
75 4
75 7
75 8
75 11
75 43
75 48
75 49
75 54
75 55
75 76
75 77
75 78
75 117
75 165
75 184
75 191
75 207
75 226
75 236
75 243
75 274
76 0
76 1
76 4
76 5
76 6
76 11
76 12
76 14
76 15
76 17
76 20
76 21
76 24
76 34
76 36
76 49
76 50
76 51
76 58
76 62
76 64
76 67
76 70
76 77
76 78
76 79
76 84
76 88
76 117
76 153
76 154
76 155
76 183
76 199
76 246
76 256
77 0
77 1
77 5
77 6
77 12
77 20
77 23
77 27
77 53
77 67
77 74
77 78
77 93
77 111
77 128
77 150
77 207
77 236
77 243
78 0
78 1
78 3
78 5
78 6
78 14
78 20
78 21
78 22
78 53
78 58
78 67
78 70
78 81
78 113
78 129
78 206
78 246
78 292
79 0
79 1
79 5
79 6
79 53
79 58
79 67
79 70
79 190
79 210
79 306
80 0
80 1
80 2
80 3
80 4
80 6
80 7
80 9
80 10
80 11
80 12
80 14
80 15
80 17
80 18
80 19
80 20
80 21
80 22
80 23
80 24
80 26
80 28
80 29
80 33
80 35
80 36
80 38
80 43
80 44
80 48
80 49
80 50
80 51
80 52
80 53
80 54
80 55
80 56
80 57
80 59
80 62
80 63
80 64
80 66
80 67
80 68
80 69
80 70
80 74
80 76
80 77
80 78
80 81
80 83
80 84
80 88
80 95
80 99
80 104
80 105
80 107
80 108
80 116
80 121
80 123
80 125
80 127
80 129
80 134
80 144
80 148
80 153
80 159
80 165
80 166
80 168
80 171
80 172
80 177
80 195
80 201
80 216
80 279
80 300
81 1
81 5
81 6
81 20
81 21
81 22
81 30
81 129
81 245
82 0
82 1
82 5
82 6
82 11
82 12
82 14
82 15
82 17
82 19
82 20
82 22
82 24
82 26
82 27
82 30
82 31
82 36
82 38
82 41
82 43
82 45
82 46
82 49
82 53
82 54
82 66
82 68
82 74
82 81
82 87
82 91
82 92
82 100
82 104
82 105
82 107
82 108
82 121
82 125
82 142
82 146
82 155
82 170
82 195
82 255
83 0
83 1
83 3
83 4
83 5
83 6
83 7
83 9
83 11
83 12
83 14
83 15
83 17
83 18
83 20
83 21
83 22
83 24
83 27
83 29
83 32
83 33
83 36
83 45
83 49
83 50
83 51
83 54
83 58
83 62
83 64
83 68
83 74
83 76
83 77
83 78
83 79
83 84
83 87
83 88
83 90
83 92
83 98
83 99
83 104
83 105
83 107
83 109
83 117
83 127
83 129
83 136
83 141
83 142
83 144
83 150
83 154
83 155
83 157
83 166
83 170
83 171
83 173
83 188
83 195
83 199
83 207
83 246
83 255
84 0
84 6
84 14
84 21
84 27
84 53
84 67
84 70
84 78
84 88
84 117
84 186
84 246
85 0
85 1
85 4
85 5
85 6
85 7
85 10
85 14
85 15
85 17
85 20
85 21
85 24
85 27
85 28
85 29
85 35
85 41
85 43
85 44
85 45
85 46
85 48
85 50
85 52
85 53
85 54
85 58
85 61
85 64
85 66
85 68
85 70
85 82
85 86
85 90
85 104
85 116
85 118
85 125
85 129
85 137
85 138
85 139
85 163
85 183
85 228
85 234
86 1
86 62
87 0
87 1
87 3
87 6
87 14
87 20
87 21
87 22
87 27
87 31
87 35
87 58
87 67
87 81
87 84
87 88
87 195
87 206
87 262
88 0
88 1
88 6
88 14
88 20
88 21
88 22
88 23
88 30
88 31
88 35
88 53
88 70
88 78
88 81
88 94
88 111
88 129
89 0
89 1
89 2
89 6
89 9
89 16
89 23
89 25
89 27
89 29
89 33
89 34
89 44
89 67
89 73
89 77
89 91
89 97
89 109
89 111
89 123
89 124
89 125
89 189
90 0
90 1
90 3
90 4
90 5
90 6
90 7
90 11
90 12
90 14
90 15
90 17
90 18
90 20
90 21
90 24
90 27
90 29
90 30
90 31
90 32
90 34
90 36
90 51
90 54
90 58
90 67
90 93
90 99
90 100
90 107
90 141
90 155
90 163
90 170
90 199
90 292
91 0
91 1
91 6
91 9
91 12
91 15
91 23
91 24
91 27
91 41
91 43
91 45
91 53
91 67
91 70
91 74
91 92
91 104
91 107
91 109
91 110
91 111
91 118
91 121
91 199
92 1
92 6
92 12
92 15
92 20
92 21
92 24
92 51
92 74
92 77
92 87
92 105
92 107
92 108
92 121
92 144
92 149
92 195
93 129
94 3
94 31
95 0
95 1
95 3
95 4
95 5
95 6
95 9
95 11
95 14
95 15
95 16
95 17
95 18
95 19
95 20
95 21
95 22
95 24
95 27
95 28
95 29
95 36
95 38
95 45
95 49
95 50
95 58
95 62
95 67
95 68
95 74
95 76
95 78
95 79
95 81
95 83
95 87
95 96
95 99
95 101
95 104
95 107
95 109
95 110
95 117
95 124
95 141
95 142
95 144
95 155
95 163
95 177
95 181
95 188
95 197
95 199
95 255
95 344
96 21
96 155
97 0
97 1
97 9
97 14
97 15
97 16
97 20
97 24
97 25
97 46
97 52
97 112
97 123
97 125
97 181
98 6
98 27
98 36
98 50
98 58
98 62
98 73
98 86
98 153
98 225
99 0
99 1
99 3
99 4
99 5
99 6
99 9
99 11
99 14
99 15
99 17
99 18
99 20
99 21
99 22
99 24
99 29
99 31
99 34
99 36
99 50
99 54
99 58
99 59
99 62
99 64
99 67
99 70
99 74
99 76
99 77
99 78
99 84
99 88
99 93
99 107
99 117
99 121
99 142
99 150
99 153
99 163
99 171
99 195
99 206
99 252
99 255
99 262
99 273
99 310
100 3
100 6
100 14
100 20
100 22
100 31
100 78
100 292
101 64
101 94
101 104
101 113
101 154
101 170
101 238
103 0
103 1
103 6
103 20
103 21
103 22
103 23
103 27
103 29
103 30
103 31
103 35
103 53
103 58
103 67
104 0
104 1
104 3
104 4
104 5
104 6
104 7
104 11
104 12
104 14
104 15
104 17
104 20
104 21
104 24
104 27
104 30
104 35
104 36
104 49
104 53
104 62
104 64
104 70
104 74
104 76
104 77
104 78
104 81
104 88
104 99
104 105
104 107
104 108
104 110
104 117
104 121
104 127
104 134
104 142
104 150
104 153
104 155
104 157
104 170
104 171
104 195
104 255
104 295
104 321
105 3
105 5
105 6
105 12
105 14
105 21
105 70
105 74
105 87
105 93
105 108
105 129
105 155
105 295
106 0
106 1
106 3
106 6
106 9
106 14
106 15
106 16
106 17
106 19
106 20
106 21
106 23
106 24
106 25
106 27
106 29
106 30
106 31
106 36
106 43
106 44
106 48
106 50
106 53
106 58
106 59
106 61
106 64
106 68
106 83
106 85
106 87
106 94
106 103
106 111
106 123
106 127
106 134
106 169
106 232
106 349
107 1
107 5
107 6
107 12
107 15
107 20
107 21
107 22
107 27
107 74
107 81
107 121
107 142
107 195
107 255
108 0
108 1
108 6
108 12
108 22
108 27
108 30
108 74
108 81
108 87
108 93
108 134
108 195
108 300
109 0
109 1
109 3
109 5
109 6
109 9
109 11
109 12
109 14
109 15
109 16
109 18
109 20
109 21
109 22
109 23
109 24
109 27
109 29
109 30
109 31
109 35
109 36
109 45
109 50
109 53
109 54
109 59
109 62
109 64
109 67
109 68
109 74
109 77
109 84
109 90
109 98
109 103
109 104
109 108
109 110
109 111
109 114
109 117
109 121
109 124
109 127
109 149
109 155
109 163
109 169
109 171
109 177
109 184
109 248
110 0
110 1
110 5
110 6
110 12
110 14
110 21
110 22
110 27
110 53
110 67
110 74
110 81
110 88
110 105
110 108
110 124
110 138
110 195
111 1
111 3
111 6
111 21
111 23
111 27
111 58
111 67
111 94
111 255
112 0
112 1
112 3
112 4
112 6
112 7
112 9
112 11
112 12
112 14
112 15
112 16
112 17
112 18
112 24
112 30
112 49
112 51
112 53
112 54
112 59
112 68
112 77
112 83
112 111
112 115
112 117
112 124
112 150
112 154
112 174
112 188
112 206
114 20
114 21
114 31
114 70
115 6
115 11
115 15
115 18
115 23
115 31
115 111
115 117
115 149
115 155
116 0
116 1
116 3
116 6
116 7
116 10
116 11
116 14
116 15
116 17
116 19
116 20
116 21
116 22
116 27
116 30
116 32
116 34
116 35
116 36
116 41
116 44
116 45
116 46
116 49
116 50
116 55
116 57
116 58
116 64
116 66
116 68
116 70
116 76
116 78
116 81
116 82
116 87
116 88
116 92
116 104
116 109
116 118
116 125
116 137
116 138
116 139
116 144
116 146
116 150
116 168
116 171
116 182
116 206
116 238
117 0
117 1
117 6
117 14
117 20
117 21
117 23
117 27
117 29
117 30
117 31
117 35
117 53
117 58
117 67
117 70
117 78
117 79
117 111
117 147
117 155
117 186
117 245
117 246
117 255
117 256
118 0
118 6
118 20
118 21
118 22
118 58
118 70
118 117
118 155
119 0
119 1
119 7
119 49
119 70
119 76
119 117
119 161
119 170
120 1
120 6
120 53
120 110
121 0
121 1
121 5
121 6
121 12
121 14
121 21
121 27
121 30
121 53
121 70
121 74
121 108
121 118
121 155
121 195
122 19
122 20
122 29
122 32
122 50
122 79
122 87
122 142
123 0
123 1
123 4
123 5
123 6
123 7
123 8
123 9
123 11
123 12
123 14
123 15
123 16
123 17
123 18
123 19
123 20
123 21
123 23
123 24
123 25
123 26
123 27
123 29
123 31
123 33
123 36
123 41
123 44
123 46
123 48
123 50
123 51
123 52
123 53
123 54
123 55
123 59
123 61
123 64
123 66
123 67
123 68
123 74
123 76
123 79
123 82
123 83
123 91
123 93
123 94
123 99
123 103
123 104
123 105
123 107
123 109
123 110
123 111
123 118
123 125
123 127
123 134
123 140
123 146
123 152
123 155
123 160
123 162
123 169
123 171
123 181
124 0
124 6
124 27
124 53
124 67
124 77
125 0
125 1
125 3
125 6
125 7
125 11
125 12
125 14
125 15
125 16
125 17
125 21
125 23
125 24
125 25
125 32
125 33
125 41
125 46
125 51
125 52
125 53
125 68
125 72
125 79
125 83
125 112
125 145
125 155
125 158
125 174
125 208
127 0
127 1
127 2
127 3
127 6
127 9
127 11
127 15
127 16
127 18
127 21
127 24
127 27
127 29
127 30
127 50
127 53
127 64
127 74
127 87
127 103
127 105
127 108
127 110
127 134
127 155
127 339
128 79
129 21
129 147
129 186
130 0
130 1
130 3
130 6
130 7
130 9
130 11
130 12
130 14
130 15
130 17
130 21
130 25
130 38
130 41
130 43
130 46
130 49
130 64
130 68
130 78
130 99
130 146
130 157
130 280
131 77
132 0
132 1
132 3
132 6
132 7
132 13
132 17
132 18
132 20
132 21
132 27
132 28
132 36
132 46
132 49
132 50
132 51
132 52
132 53
132 54
132 57
132 66
132 67
132 68
132 76
132 78
132 79
132 80
132 84
132 90
132 99
132 109
132 111
132 112
132 117
132 119
132 136
132 154
132 165
132 166
132 186
132 216
132 221
132 223
132 245
132 256
133 0
133 19
133 20
133 29
133 36
133 48
133 58
133 103
133 122
133 142
133 195
134 0
134 1
134 6
134 20
134 21
134 27
134 35
134 53
134 67
134 103
134 300
135 0
135 1
135 5
135 7
135 11
135 15
135 19
135 21
135 32
135 38
135 51
135 52
135 54
135 67
135 78
135 96
135 155
135 246
135 292
136 0
136 6
136 36
136 58
136 62
136 67
136 70
136 79
136 114
136 117
136 154
136 210
136 245
137 11
137 35
137 103
137 134
137 138
137 139
138 6
138 30
138 103
138 139
141 1
141 6
142 0
142 1
142 5
142 20
142 21
142 22
142 27
142 30
142 58
142 81
142 87
142 93
142 129
142 134
142 150
142 195
142 238
142 254
144 11
144 12
144 20
144 21
144 36
144 58
144 67
144 78
144 81
144 136
146 0
146 1
146 3
146 5
146 6
146 7
146 11
146 12
146 13
146 15
146 17
146 21
146 22
146 24
146 27
146 30
146 38
146 41
146 43
146 49
146 58
146 63
146 64
146 68
146 74
146 76
146 78
146 81
146 83
146 87
146 92
146 95
146 117
146 118
146 121
146 129
146 144
146 147
146 155
146 171
146 188
146 195
146 199
146 206
146 213
146 221
146 280
146 324
146 327
148 1
148 11
148 13
148 15
148 21
148 22
148 24
148 27
148 43
148 58
148 117
148 146
148 147
148 149
148 150
148 221
149 0
149 6
149 20
149 27
149 67
149 103
150 1
150 6
150 20
150 21
150 35
150 292
152 6
152 8
152 14
152 21
152 27
152 36
152 48
152 64
152 109
153 0
153 49
153 77
153 78
153 88
153 94
154 0
154 1
154 6
154 20
154 21
154 22
154 23
154 29
154 35
154 53
154 67
154 73
154 84
154 93
154 94
154 100
154 117
154 245
154 307
155 1
155 6
155 20
155 22
155 23
155 53
155 67
155 93
156 1
156 31
156 78
157 0
157 3
157 4
157 5
157 6
157 12
157 17
157 21
157 22
157 24
157 49
157 51
157 129
158 7
158 17
158 79
159 0
159 1
159 6
159 20
159 21
159 78
159 155
160 68
160 77
160 93
160 129
160 154
160 207
163 6
163 15
163 27
163 31
163 36
163 105
163 117
164 14
164 59
164 70
164 74
164 78
164 117
165 1
165 5
165 6
165 11
165 12
165 15
165 20
165 22
165 24
165 32
165 33
165 46
165 49
165 54
165 55
165 63
165 64
165 68
165 69
165 82
165 83
165 90
165 104
165 105
165 107
165 117
165 129
165 141
165 166
165 176
165 181
165 184
165 199
165 216
165 274
166 1
166 5
166 6
166 12
166 20
166 22
166 49
166 117
166 129
167 6
167 8
167 9
167 16
167 27
167 36
167 43
167 44
167 50
167 67
167 73
167 95
167 109
167 110
167 124
167 267
168 6
168 15
168 35
168 36
168 81
168 108
168 134
168 177
168 300
169 6
169 9
169 12
169 20
169 21
169 27
169 29
169 31
169 58
169 94
170 0
170 1
170 6
170 12
170 14
170 20
170 21
170 74
170 77
170 79
170 88
170 110
170 117
170 129
170 195
170 199
170 206
170 207
170 238
171 0
171 1
171 6
171 12
171 22
171 27
171 30
171 81
171 87
171 121
171 147
171 155
172 0
172 1
172 9
172 33
172 117
172 170
173 0
173 1
173 11
173 12
173 22
173 174
173 206
173 246
173 273
174 1
175 101
176 1
176 7
176 12
176 17
176 32
176 33
176 51
176 68
176 83
176 88
176 125
176 158
177 0
177 6
177 15
177 20
177 21
177 27
177 31
177 35
177 36
177 49
177 50
177 58
177 74
177 78
177 108
177 134
177 182
177 300
178 81
178 195
179 6
179 15
179 81
179 104
179 110
181 0
181 1
181 4
181 5
181 9
181 11
181 12
181 14
181 15
181 18
181 21
181 22
181 29
181 32
181 36
181 94
181 129
181 169
181 199
181 246
182 0
182 1
182 14
182 49
182 67
182 87
182 155
182 206
183 1
183 6
183 53
184 0
184 6
184 27
184 70
188 0
188 1
188 5
188 6
188 11
188 15
188 16
188 22
188 53
188 58
188 70
188 77
188 124
188 129
188 142
188 147
188 171
188 236
189 16
189 34
191 1
191 9
191 12
191 14
191 17
191 21
191 44
191 83
191 95
191 116
191 150
191 165
191 184
191 274
192 0
192 19
192 20
192 54
192 199
192 356
193 0
193 48
193 55
193 88
193 113
193 185
193 230
194 0
194 1
194 11
194 15
194 17
194 52
194 54
194 71
194 107
194 117
195 1
195 5
195 6
195 14
195 20
195 21
195 22
195 81
195 114
195 147
195 199
196 103
196 149
198 24
201 14
201 43
203 113
203 195
204 0
206 1
206 22
206 147
207 20
207 22
208 0
208 53
208 235
208 284
209 0
212 1
212 5
212 9
212 33
212 58
212 79
212 183
213 21
213 147
213 155
213 195
215 9
215 319
216 1
216 12
216 17
216 21
216 49
216 67
216 166
217 1
217 6
217 17
217 18
217 22
217 23
217 43
217 61
217 68
217 94
217 103
217 111
218 88
220 27
220 31
221 6
221 11
221 31
221 36
221 54
221 76
221 117
221 147
221 155
221 256
223 3
223 6
223 9
223 11
223 15
223 17
223 18
223 21
223 23
223 27
223 28
223 29
223 30
223 31
223 43
223 59
223 64
223 68
223 95
223 104
223 109
223 112
223 169
224 0
224 1
224 4
224 5
224 6
224 54
224 67
224 79
224 99
224 117
225 27
225 29
225 36
225 67
226 236
226 307
227 15
227 78
228 4
228 11
228 14
228 20
228 155
229 113
230 6
230 17
230 46
230 48
230 51
230 112
230 113
231 12
231 36
231 83
231 107
232 6
232 14
232 15
232 18
232 20
232 21
232 22
232 23
232 27
232 43
232 58
232 61
232 68
232 82
232 100
232 111
233 20
234 6
234 17
234 103
234 149
234 228
240 25
240 27
240 48
240 50
240 53
240 89
241 307
243 1
244 20
244 27
244 134
245 67
246 67
246 113
246 199
248 0
248 1
248 27
248 74
249 36
249 68
251 0
251 20
251 21
251 23
252 6
252 14
252 93
252 142
252 254
252 292
253 50
254 93
255 1
255 6
255 35
256 30
256 70
256 155
257 12
257 17
257 33
257 68
259 12
259 25
259 32
259 45
259 77
260 0
260 1
260 15
260 24
260 36
260 41
260 43
260 48
260 56
260 107
260 186
262 1
262 21
266 1
266 7
266 17
266 46
267 6
267 9
267 16
267 27
267 36
267 43
267 50
267 67
267 73
267 95
267 109
267 110
267 124
267 154
271 27
271 109
273 1
273 22
274 7
274 9
274 17
274 51
274 69
274 94
274 184
277 114
279 0
279 5
279 36
279 95
279 100
279 199
280 1
280 7
280 11
280 32
280 49
280 68
280 147
281 70
283 51
285 51
285 67
286 31
288 1
288 9
290 113
291 14
291 23
291 31
291 36
291 106
292 93
295 6
297 110
298 83
302 48
302 58
303 22
303 43
303 64
303 148
304 11
304 66
305 3
305 5
305 6
305 15
305 58
310 1
310 21
310 77
311 11
311 155
312 21
313 12
316 1
316 23
317 29
317 94
324 1
324 199
325 54
326 15
327 6
327 118
329 10
331 85
333 12
333 108
335 113
337 25
343 6
345 6
345 29
345 169
346 113
347 6
349 29
349 58
349 68
349 169
350 12
352 124
353 0
357 15
357 95
